## Cross-Area threshold [0, 500]

### Semi-pos + Pos
Triplet
[0.2766798418972332, 2.1080368906455864, 5.309617918313571, 10.223978919631094, 14.888010540184455, 19.683794466403164, 23.122529644268774, 26.956521739130434, 29.446640316205535, 32.62187088274045, 35.63899868247694, 37.733860342556, 40.355731225296445, 42.635046113306984, 44.13702239789196, 45.12516469038208, 46.35046113306983, 47.404479578392625, 48.32674571805007, 49.1699604743083, 50.59288537549407, 51.370223978919626, 52.18708827404479, 52.83267457180501, 53.57048748353096, 54.25559947299078, 55.15151515151515, 55.718050065876156, 56.46903820816864, 57.206851119894594, 57.62845849802372, 58.06324110671937, 58.35309617918314, 58.68247694334651, 59.14361001317523, 59.81554677206851, 60.487483530961796, 61.04084321475626, 61.48880105401845, 61.976284584980235, 62.1870882740448, 62.62187088274045, 63.306982872200265, 63.754940711462446, 64.00527009222662, 64.47957839262187, 64.72990777338603, 65.13833992094862, 65.37549407114625, 65.6258234519104]
InfoNCE w/o. MES
[0.6193173913043478, 3.311452173913044, 7.810982608695653, 14.370691304347826, 20.77873043478261, 28.04623043478261, 32.81118260869565, 37.51293913043478, 41.91135652173913, 46.853256521739134, 50.5059652173913, 53.85533478260871, 57.17942608695653, 59.833643478260875, 61.70423478260871, 63.473713043478256, 65.15471739130435, 65.91306521739132, 66.91155652173914, 68.06171739130436, 69.40146521739132, 70.29884347826086, 71.10774782608696, 71.8787347826087, 72.62444347826089, 73.39543043478261, 73.91363478260871, 74.50767391304349, 74.83629130434782, 75.35449565217392, 75.7968652173913, 76.2392347826087, 76.54257391304347, 76.84591304347828, 77.09869565217392, 77.60426086956522, 77.88232173913043, 78.09718695652175, 78.10982608695652, 78.23621739130436, 78.4131652173913, 78.67858695652174, 78.96928695652174, 79.33582173913044, 79.48749130434783, 79.77819130434784, 79.85402608695652, 80.04361304347826, 80.22056086956523, 80.4607043478261]
InfoNCE w/ MES
[0.5138339920948617, 2.9907773386034253, 7.470355731225296, 14.729907773386033, 22.200263504611332, 29.683794466403164, 34.54545454545455, 39.644268774703555, 43.70223978919631, 48.40579710144928, 52.62187088274045, 56.42951251646904, 59.84189723320158, 62.740447957839265, 64.69038208168642, 65.99472990777339, 67.49670619235837, 68.51119894598156, 69.433465085639, 70.39525691699605, 71.51515151515152, 72.66139657444005, 73.21475625823452, 73.8076416337286, 74.66403162055336, 75.48089591567853, 76.10013175230567, 76.71936758893281, 77.19367588932806, 77.62845849802372, 77.99736495388669, 78.26086956521739, 78.53754940711462, 78.82740447957839, 79.10408432147563, 79.61791831357048, 79.90777338603425, 80.02635046113306, 80.15810276679842, 80.3425559947299, 80.36890645586297, 80.47430830039526, 80.71146245059289, 80.97496706192359, 81.10671936758894, 81.26482213438734, 81.40974967061923, 81.67325428194994, 81.85770750988142, 81.9235836627141]
weighted InfoNCE w/ MES 
[0.7114624505928854, 3.438735177865613, 8.49802371541502, 15.942028985507244, 23.689064558629777, 32.1870882740448, 37.351778656126484, 43.3201581027668, 48.11594202898551, 53.84716732542819, 58.484848484848484, 62.450592885375485, 66.16600790513833, 69.45981554677206, 71.33069828722003, 72.7931488801054, 74.46640316205534, 75.41501976284584, 76.3372859025033, 77.25955204216073, 78.23451910408433, 79.15678524374177, 79.9604743083004, 80.54018445322794, 81.37022397891963, 81.81818181818183, 82.43741765480897, 82.99077733860342, 83.42555994729908, 83.82081686429513, 84.18972332015811, 84.33465085639, 84.54545454545455, 84.83530961791831, 85.2832674571805, 85.5467720685112, 85.79710144927536, 86.12648221343873, 86.23188405797102, 86.37681159420289, 86.50856389986825, 86.58761528326747, 86.93017127799737, 87.03557312252964, 87.19367588932806, 87.31225296442688, 87.39130434782608, 87.48353096179183, 87.53623188405797, 87.62845849802372]

### Pos-only

Triplet
InfoNCE w/o. MES
InfoNCE w/ MES
weighted InfoNCE w/ MES 
[0.8432147562582345, 3.6495388669301714, 8.603425559947299, 16.482213438735176, 24.50592885375494, 33.59683794466403, 39.01185770750988, 44.90118577075099, 49.235836627140976, 54.80895915678524, 59.76284584980237, 63.99209486166008, 67.58893280632411, 70.40843214756258, 72.17391304347827, 73.63636363636363, 75.00658761528327, 75.65217391304347, 76.23188405797102, 76.95652173913044, 77.91831357048748, 78.48484848484848, 78.93280632411067, 79.3544137022398, 80.01317523056653, 80.3425559947299, 81.0540184453228, 81.38339920948616, 81.75230566534914, 82.0026350461133, 82.30566534914361, 82.58234519104084, 82.7536231884058, 83.04347826086956, 83.28063241106719, 83.6231884057971, 83.8471673254282, 84.00527009222661, 84.09749670619236, 84.1501976284585, 84.28194993412384, 84.38735177865613, 84.67720685111989, 84.78260869565217, 84.92753623188406, 85.08563899868248, 85.17786561264822, 85.25691699604742, 85.48089591567852, 85.61264822134387]


## Same-Area threshold [0, 200]
### Semi-pos + Pos
Triplet
[0.99361249112846, 5.961674946770759, 15.152590489709015, 26.756564939673527, 39.24769339957417, 56.24556422995032, 65.89779985805536, 73.63378282469837, 79.38254080908446, 84.20865862313698, 88.6444286728176, 91.90915542938254, 93.86089425124202, 95.0319375443577, 95.8126330731015, 96.52235628105039, 96.87721788502483, 97.12562100780696, 97.23207948899929, 97.48048261178141]
InfoNCE w/o. MES
[0.7097232079488999, 4.435770049680625, 12.029808374733854, 21.788502484031227, 32.50532292405961, 46.41589779985806, 54.32931156848829, 61.320085166784956, 67.67210787792762, 73.4918381831086, 78.49538679914833, 83.32150461320084, 86.8346344925479, 89.53158268275374, 91.5542938254081, 93.22214336408801, 94.3222143364088, 95.24485450674237, 95.6706884315117, 96.20298083747339]
InfoNCE w/ MES
[0.8516678495386799, 4.258339247693399, 11.391057487579843, 21.50461320085167, 32.00851667849538, 45.88360539389638, 53.76153300212917, 61.213626685592615, 67.81405251951739, 73.98864442867283, 80.23420865862315, 86.16039744499645, 89.7444996451384, 92.72533711852378, 94.99645138396026, 96.27395315826828, 97.30305180979418, 97.94180269694819, 98.22569198012775, 98.54506742370475]
weighted InfoNCE w/ MES
[0.8161816891412349, 4.151880766501065, 10.716820440028389, 20.298083747338538, 30.837473385379706, 44.357700496806245, 52.4485450674237, 59.90063875088716, 66.82044002838893, 73.13697657913414, 79.45351312987935, 85.94748048261178, 89.63804116394606, 93.22214336408801, 96.02555003548616, 97.76437189496096, 98.65152590489708, 99.11284599006387, 99.32576295244854, 99.46770759403833]

### Pos-only
Triplet
InfoNCE w/o. MES
InfoNCE w/ MES
weighted InfoNCE w/ MES 

